# 10000
0
190
380
570
760
950
1140
1330
1520
1710
1900
2090
2280
2470
2660
2850
3040
3230
3420
3610
3800
3990
4180
4370
4560
4750
4940
5130
5320
5510
5700
5890
6080
6270
6460
6650
6840
7030
7220
7410
7600
7790
7980
8170
8360
8550
8740
8930
9120
9310
9500
9690
9880
10070
10260
10450
10640
10830
11020
11210
11400
11590
11780
11970
12160
12350
12540
12730
12920
13110
13300
13490
13680
13870
14060
14250
14440
14630
14820
15010
15200
15390
15580
15770
15960
16150
16340
16530
16720
16910
17100
17290
17480
17670
17860
18050
18240
18430
18620
18810
19000
19190
19380
19570
19760
19950
20140
20330
20520
20710
20900
21090
21280
21470
21660
21850
22040
22230
22420
22610
22800
22990
23180
23370
23560
23750
23940
24130
24320
24510
24700
24890
25080
25270
25460
25650
25840
26030
26220
26410
26600
26790
26980
27170
27360
27550
27740
27930
28120
28310
28500
28690
28880
29070
29260
29450
29640
29830
30020
30210
30400
30590
30780
30970
31160
31350
31540
31730
31920
32110
32300
32490
32680
32870
33060
33250
33440
33630
33820
34010
34200
34390
34580
34770
34960
35150
35340
35530
35720
35910
36100
36290
36480
36670
36860
37050
37240
37430
37620
37810
38000
38190
38380
38570
38760
38950
39140
39330
39520
39710
39900
40090
40280
40470
40660
40850
41040
41230
41420
41610
41800
41990
42180
42370
42560
42750
42940
43130
43320
43510
43700
43890
44080
44270
44460
44650
44840
45030
45220
45410
45600
45790
45980
46170
46360
46550
46740
46930
47120
47310
47500
47690
47880
48070
48260
48450
48640
48830
49020
49210
49400
49590
49780
49970
50160
50350
50540
50730
50920
51110
51300
51490
51680
51870
52060
52250
52440
52630
52820
53010
53200
53390
53580
53770
53960
54150
54340
54530
54720
54910
55100
55290
55480
55670
55860
56050
56240
56430
56620
56810
57000
57190
57380
57570
57760
57950
58140
58330
58520
58710
58900
59090
59280
59470
59660
59850
60040
60230
60420
60610
60800
60990
61180
61370
61560
61750
61940
62130
62320
62510
62700
62890
63080
63270
63460
63650
63840
64030
64220
64410
64600
64790
64980
65170
65360
65550
65740
65930
66120
66310
66500
66690
66880
67070
67260
67450
67640
67830
68020
68210
68400
68590
68780
68970
69160
69350
69540
69730
69920
70110
70300
70490
70680
70870
71060
71250
71440
71630
71820
72010
72200
72390
72580
72770
72960
73150
73340
73530
73720
73910
74100
74290
74480
74670
74860
75050
75240
75430
75620
75810
76000
76190
76380
76570
76760
76950
77140
77330
77520
77710
77900
78090
78280
78470
78660
78850
79040
79230
79420
79610
79800
79990
80180
80370
80560
80750
80940
81130
81320
81510
81700
81890
82080
82270
82460
82650
82840
83030
83220
83410
83600
83790
83980
84170
84360
84550
84740
84930
85120
85310
85500
85690
85880
86070
86260
86450
86640
86830
87020
87210
87400
87590
87780
87970
88160
88350
88540
88730
88920
89110
89300
89490
89680
89870
90060
90250
90440
90630
90820
91010
91200
91390
91580
91770
91960
92150
92340
92530
92720
92910
93100
93290
93480
93670
93860
94050
94240
94430
94620
94810
95000
95190
95380
95570
95760
95950
96140
96330
96520
96710
96900
97090
97280
97470
97660
97850
98040
98230
98420
98610
98800
98990
99180
99370
99560
99750
99940
100130
100320
100510
100700
100890
101080
101270
101460
101650
101840
102030
102220
102410
102600
102790
102980
103170
103360
103550
103740
103930
104120
104310
104500
104690
104880
105070
105260
105450
105640
105830
106020
106210
106400
106590
106780
106970
107160
107350
107540
107730
107920
108110
108300
108490
108680
108870
109060
109250
109440
109630
109820
110010
110200
110390
110580
110770
110960
111150
111340
111530
111720
111910
112100
112290
112480
112670
112860
113050
113240
113430
113620
113810
114000
114190
114380
114570
114760
114950
115140
115330
115520
115710
115900
116090
116280
116470
116660
116850
117040
117230
117420
117610
117800
117990
118180
118370
118560
118750
118940
119130
119320
119510
119700
119890
120080
120270
120460
120650
120840
121030
121220
121410
121600
121790
121980
122170
122360
122550
122740
122930
123120
123310
123500
123690
123880
124070
124260
124450
124640
124830
125020
125210
125400
125590
125780
125970
126160
126350
126540
126730
126920
127110
127300
127490
127680
127870
128060
128250
128440
128630
128820
129010
129200
129390
129580
129770
129960
130150
130340
130530
130720
130910
131100
131290
131480
131670
131860
132050
132240
132430
132620
132810
133000
133190
133380
133570
133760
133950
134140
134330
134520
134710
134900
135090
135280
135470
135660
135850
136040
136230
136420
136610
136800
136990
137180
137370
137560
137750
137940
138130
138320
138510
138700
138890
139080
139270
139460
139650
139840
140030
140220
140410
140600
140790
140980
141170
141360
141550
141740
141930
142120
142310
142500
142690
142880
143070
143260
143450
143640
143830
144020
144210
144400
144590
144780
144970
145160
145350
145540
145730
145920
146110
146300
146490
146680
146870
147060
147250
147440
147630
147820
148010
148200
148390
148580
148770
148960
149150
149340
149530
149720
149910
150100
150290
150480
150670
150860
151050
151240
151430
151620
151810
152000
152190
152380
152570
152760
152950
153140
153330
153520
153710
153900
154090
154280
154470
154660
154850
155040
155230
155420
155610
155800
155990
156180
156370
156560
156750
156940
157130
157320
157510
157700
157890
158080
158270
158460
158650
158840
159030
159220
159410
159600
159790
159980
160170
160360
160550
160740
160930
161120
161310
161500
161690
161880
162070
162260
162450
162640
162830
163020
163210
163400
163590
163780
163970
164160
164350
164540
164730
164920
165110
165300
165490
165680
165870
166060
166250
166440
166630
166820
167010
167200
167390
167580
167770
167960
168150
168340
168530
168720
168910
169100
169290
169480
169670
169860
170050
170240
170430
170620
170810
171000
171190
171380
171570
171760
171950
172140
172330
172520
172710
172900
173090
173280
173470
173660
173850
174040
174230
174420
174610
174800
174990
175180
175370
175560
175750
175940
176130
176320
176510
176700
176890
177080
177270
177460
177650
177840
178030
178220
178410
178600
178790
178980
179170
179360
179550
179740
179930
180120
180310
180500
180690
180880
181070
181260
181450
181640
181830
182020
182210
182400
182590
182780
182970
183160
183350
183540
183730
183920
184110
184300
184490
184680
184870
185060
185250
185440
185630
185820
186010
186200
186390
186580
186770
186960
187150
187340
187530
187720
187910
188100
188290
188480
188670
188860
189050
189240
189430
189620
189810
190000
190190
190380
190570
190760
190950
191140
191330
191520
191710
191900
192090
192280
192470
192660
192850
193040
193230
193420
193610
193800
193990
194180
194370
194560
194750
194940
195130
195320
195510
195700
195890
196080
196270
196460
196650
196840
197030
197220
197410
197600
197790
197980
198170
198360
198550
198740
198930
199120
199310
199500
199690
199880
200070
200260
200450
200640
200830
201020
201210
201400
201590
201780
201970
202160
202350
202540
202730
202920
203110
203300
203490
203680
203870
204060
204250
204440
204630
204820
205010
205200
205390
205580
205770
205960
206150
206340
206530
206720
206910
207100
207290
207480
207670
207860
208050
208240
208430
208620
208810
209000
209190
209380
209570
209760
209950
210140
210330
210520
210710
210900
211090
211280
211470
211660
211850
212040
212230
212420
212610
212800
212990
213180
213370
213560
213750
213940
214130
214320
214510
214700
214890
215080
215270
215460
215650
215840
216030
216220
216410
216600
216790
216980
217170
217360
217550
217740
217930
218120
218310
218500
218690
218880
219070
219260
219450
219640
219830
220020
220210
220400
220590
220780
220970
221160
221350
221540
221730
221920
222110
222300
222490
222680
222870
223060
223250
223440
223630
223820
224010
224200
224390
224580
224770
224960
225150
225340
225530
225720
225910
226100
226290
226480
226670
226860
227050
227240
227430
227620
227810
228000
228190
228380
228570
228760
228950
229140
229330
229520
229710
229900
230090
230280
230470
230660
230850
231040
231230
231420
231610
231800
231990
232180
232370
232560
232750
232940
233130
233320
233510
233700
233890
234080
234270
234460
234650
234840
235030
235220
235410
235600
235790
235980
236170
236360
236550
236740
236930
237120
237310
237500
237690
237880
238070
238260
238450
238640
238830
239020
239210
239400
239590
239780
239970
240160
240350
240540
240730
240920
241110
241300
241490
241680
241870
242060
242250
242440
242630
242820
243010
243200
243390
243580
243770
243960
244150
244340
244530
244720
244910
245100
245290
245480
245670
245860
246050
246240
246430
246620
246810
247000
247190
247380
247570
247760
247950
248140
248330
248520
248710
248900
249090
249280
249470
249660
249850
250040
250230
250420
250610
250800
250990
251180
251370
251560
251750
251940
252130
252320
252510
252700
252890
253080
253270
253460
253650
253840
254030
254220
254410
254600
254790
254980
255170
255360
255550
255740
255930
256120
256310
256500
256690
256880
257070
257260
257450
257640
257830
258020
258210
258400
258590
258780
258970
259160
259350
259540
259730
259920
260110
260300
260490
260680
260870
261060
261250
261440
261630
261820
262010
262200
262390
262580
262770
262960
263150
263340
263530
263720
263910
264100
264290
264480
264670
264860
265050
265240
265430
265620
265810
266000
266190
266380
266570
266760
266950
267140
267330
267520
267710
267900
268090
268280
268470
268660
268850
269040
269230
269420
269610
269800
269990
270180
270370
270560
270750
270940
271130
271320
271510
271700
271890
272080
272270
272460
272650
272840
273030
273220
273410
273600
273790
273980
274170
274360
274550
274740
274930
275120
275310
275500
275690
275880
276070
276260
276450
276640
276830
277020
277210
277400
277590
277780
277970
278160
278350
278540
278730
278920
279110
279300
279490
279680
279870
280060
280250
280440
280630
280820
281010
281200
281390
281580
281770
281960
282150
282340
282530
282720
282910
283100
283290
283480
283670
283860
284050
284240
284430
284620
284810
285000
285190
285380
285570
285760
285950
286140
286330
286520
286710
286900
287090
287280
287470
287660
287850
288040
288230
288420
288610
288800
288990
289180
289370
289560
289750
289940
290130
290320
290510
290700
290890
291080
291270
291460
291650
291840
292030
292220
292410
292600
292790
292980
293170
293360
293550
293740
293930
294120
294310
294500
294690
294880
295070
295260
295450
295640
295830
296020
296210
296400
296590
296780
296970
297160
297350
297540
297730
297920
298110
298300
298490
298680
298870
299060
299250
299440
299630
299820
300010
300200
300390
300580
300770
300960
301150
301340
301530
301720
301910
302100
302290
302480
302670
302860
303050
303240
303430
303620
303810
304000
304190
304380
304570
304760
304950
305140
305330
305520
305710
305900
306090
306280
306470
306660
306850
307040
307230
307420
307610
307800
307990
308180
308370
308560
308750
308940
309130
309320
309510
309700
309890
310080
310270
310460
310650
310840
311030
311220
311410
311600
311790
311980
312170
312360
312550
312740
312930
313120
313310
313500
313690
313880
314070
314260
314450
314640
314830
315020
315210
315400
315590
315780
315970
316160
316350
316540
316730
316920
317110
317300
317490
317680
317870
318060
318250
318440
318630
318820
319010
319200
319390
319580
319770
319960
320150
320340
320530
320720
320910
321100
321290
321480
321670
321860
322050
322240
322430
322620
322810
323000
323190
323380
323570
323760
323950
324140
324330
324520
324710
324900
325090
325280
325470
325660
325850
326040
326230
326420
326610
326800
326990
327180
327370
327560
327750
327940
328130
328320
328510
328700
328890
329080
329270
329460
329650
329840
330030
330220
330410
330600
330790
330980
331170
331360
331550
331740
331930
332120
332310
332500
332690
332880
333070
333260
333450
333640
333830
334020
334210
334400
334590
334780
334970
335160
335350
335540
335730
335920
336110
336300
336490
336680
336870
337060
337250
337440
337630
337820
338010
338200
338390
338580
338770
338960
339150
339340
339530
339720
339910
340100
340290
340480
340670
340860
341050
341240
341430
341620
341810
342000
342190
342380
342570
342760
342950
343140
343330
343520
343710
343900
344090
344280
344470
344660
344850
345040
345230
345420
345610
345800
345990
346180
346370
346560
346750
346940
347130
347320
347510
347700
347890
348080
348270
348460
348650
348840
349030
349220
349410
349600
349790
349980
350170
350360
350550
350740
350930
351120
351310
351500
351690
351880
352070
352260
352450
352640
352830
353020
353210
353400
353590
353780
353970
354160
354350
354540
354730
354920
355110
355300
355490
355680
355870
356060
356250
356440
356630
356820
357010
357200
357390
357580
357770
357960
358150
358340
358530
358720
358910
359100
359290
359480
359670
359860
360050
360240
360430
360620
360810
361000
361190
361380
361570
361760
361950
362140
362330
362520
362710
362900
363090
363280
363470
363660
363850
364040
364230
364420
364610
364800
364990
365180
365370
365560
365750
365940
366130
366320
366510
366700
366890
367080
367270
367460
367650
367840
368030
368220
368410
368600
368790
368980
369170
369360
369550
369740
369930
370120
370310
370500
370690
370880
371070
371260
371450
371640
371830
372020
372210
372400
372590
372780
372970
373160
373350
373540
373730
373920
374110
374300
374490
374680
374870
375060
375250
375440
375630
375820
376010
376200
376390
376580
376770
376960
377150
377340
377530
377720
377910
378100
378290
378480
378670
378860
379050
379240
379430
379620
379810
380000
380190
380380
380570
380760
380950
381140
381330
381520
381710
381900
382090
382280
382470
382660
382850
383040
383230
383420
383610
383800
383990
384180
384370
384560
384750
384940
385130
385320
385510
385700
385890
386080
386270
386460
386650
386840
387030
387220
387410
387600
387790
387980
388170
388360
388550
388740
388930
389120
389310
389500
389690
389880
390070
390260
390450
390640
390830
391020
391210
391400
391590
391780
391970
392160
392350
392540
392730
392920
393110
393300
393490
393680
393870
394060
394250
394440
394630
394820
395010
395200
395390
395580
395770
395960
396150
396340
396530
396720
396910
397100
397290
397480
397670
397860
398050
398240
398430
398620
398810
399000
399190
399380
399570
399760
399950
400140
400330
400520
400710
400900
401090
401280
401470
401660
401850
402040
402230
402420
402610
402800
402990
403180
403370
403560
403750
403940
404130
404320
404510
404700
404890
405080
405270
405460
405650
405840
406030
406220
406410
406600
406790
406980
407170
407360
407550
407740
407930
408120
408310
408500
408690
408880
409070
409260
409450
409640
409830
410020
410210
410400
410590
410780
410970
411160
411350
411540
411730
411920
412110
412300
412490
412680
412870
413060
413250
413440
413630
413820
414010
414200
414390
414580
414770
414960
415150
415340
415530
415720
415910
416100
416290
416480
416670
416860
417050
417240
417430
417620
417810
418000
418190
418380
418570
418760
418950
419140
419330
419520
419710
419900
420090
420280
420470
420660
420850
421040
421230
421420
421610
421800
421990
422180
422370
422560
422750
422940
423130
423320
423510
423700
423890
424080
424270
424460
424650
424840
425030
425220
425410
425600
425790
425980
426170
426360
426550
426740
426930
427120
427310
427500
427690
427880
428070
428260
428450
428640
428830
429020
429210
429400
429590
429780
429970
430160
430350
430540
430730
430920
431110
431300
431490
431680
431870
432060
432250
432440
432630
432820
433010
433200
433390
433580
433770
433960
434150
434340
434530
434720
434910
435100
435290
435480
435670
435860
436050
436240
436430
436620
436810
437000
437190
437380
437570
437760
437950
438140
438330
438520
438710
438900
439090
439280
439470
439660
439850
440040
440230
440420
440610
440800
440990
441180
441370
441560
441750
441940
442130
442320
442510
442700
442890
443080
443270
443460
443650
443840
444030
444220
444410
444600
444790
444980
445170
445360
445550
445740
445930
446120
446310
446500
446690
446880
447070
447260
447450
447640
447830
448020
448210
448400
448590
448780
448970
449160
449350
449540
449730
449920
450110
450300
450490
450680
450870
451060
451250
451440
451630
451820
452010
452200
452390
452580
452770
452960
453150
453340
453530
453720
453910
454100
454290
454480
454670
454860
455050
455240
455430
455620
455810
456000
456190
456380
456570
456760
456950
457140
457330
457520
457710
457900
458090
458280
458470
458660
458850
459040
459230
459420
459610
459800
459990
460180
460370
460560
460750
460940
461130
461320
461510
461700
461890
462080
462270
462460
462650
462840
463030
463220
463410
463600
463790
463980
464170
464360
464550
464740
464930
465120
465310
465500
465690
465880
466070
466260
466450
466640
466830
467020
467210
467400
467590
467780
467970
468160
468350
468540
468730
468920
469110
469300
469490
469680
469870
470060
470250
470440
470630
470820
471010
471200
471390
471580
471770
471960
472150
472340
472530
472720
472910
473100
473290
473480
473670
473860
474050
474240
474430
474620
474810
475000
475190
475380
475570
475760
475950
476140
476330
476520
476710
476900
477090
477280
477470
477660
477850
478040
478230
478420
478610
478800
478990
479180
479370
479560
479750
479940
480130
480320
480510
480700
480890
481080
481270
481460
481650
481840
482030
482220
482410
482600
482790
482980
483170
483360
483550
483740
483930
484120
484310
484500
484690
484880
485070
485260
485450
485640
485830
486020
486210
486400
486590
486780
486970
487160
487350
487540
487730
487920
488110
488300
488490
488680
488870
489060
489250
489440
489630
489820
490010
490200
490390
490580
490770
490960
491150
491340
491530
491720
491910
492100
492290
492480
492670
492860
493050
493240
493430
493620
493810
494000
494190
494380
494570
494760
494950
495140
495330
495520
495710
495900
496090
496280
496470
496660
496850
497040
497230
497420
497610
497800
497990
498180
498370
498560
498750
498940
499130
499320
499510
499700
499890
500080
500270
500460
500650
500840
501030
501220
501410
501600
501790
501980
502170
502360
502550
502740
502930
503120
503310
503500
503690
503880
504070
504260
504450
504640
504830
505020
505210
505400
505590
505780
505970
506160
506350
506540
506730
506920
507110
507300
507490
507680
507870
508060
508250
508440
508630
508820
509010
509200
509390
509580
509770
509960
510150
510340
510530
510720
510910
511100
511290
511480
511670
511860
512050
512240
512430
512620
512810
513000
513190
513380
513570
513760
513950
514140
514330
514520
514710
514900
515090
515280
515470
515660
515850
516040
516230
516420
516610
516800
516990
517180
517370
517560
517750
517940
518130
518320
518510
518700
518890
519080
519270
519460
519650
519840
520030
520220
520410
520600
520790
520980
521170
521360
521550
521740
521930
522120
522310
522500
522690
522880
523070
523260
523450
523640
523830
524020
524210
524400
524590
524780
524970
525160
525350
525540
525730
525920
526110
526300
526490
526680
526870
527060
527250
527440
527630
527820
528010
528200
528390
528580
528770
528960
529150
529340
529530
529720
529910
530100
530290
530480
530670
530860
531050
531240
531430
531620
531810
532000
532190
532380
532570
532760
532950
533140
533330
533520
533710
533900
534090
534280
534470
534660
534850
535040
535230
535420
535610
535800
535990
536180
536370
536560
536750
536940
537130
537320
537510
537700
537890
538080
538270
538460
538650
538840
539030
539220
539410
539600
539790
539980
540170
540360
540550
540740
540930
541120
541310
541500
541690
541880
542070
542260
542450
542640
542830
543020
543210
543400
543590
543780
543970
544160
544350
544540
544730
544920
545110
545300
545490
545680
545870
546060
546250
546440
546630
546820
547010
547200
547390
547580
547770
547960
548150
548340
548530
548720
548910
549100
549290
549480
549670
549860
550050
550240
550430
550620
550810
551000
551190
551380
551570
551760
551950
552140
552330
552520
552710
552900
553090
553280
553470
553660
553850
554040
554230
554420
554610
554800
554990
555180
555370
555560
555750
555940
556130
556320
556510
556700
556890
557080
557270
557460
557650
557840
558030
558220
558410
558600
558790
558980
559170
559360
559550
559740
559930
560120
560310
560500
560690
560880
561070
561260
561450
561640
561830
562020
562210
562400
562590
562780
562970
563160
563350
563540
563730
563920
564110
564300
564490
564680
564870
565060
565250
565440
565630
565820
566010
566200
566390
566580
566770
566960
567150
567340
567530
567720
567910
568100
568290
568480
568670
568860
569050
569240
569430
569620
569810
570000
570190
570380
570570
570760
570950
571140
571330
571520
571710
571900
572090
572280
572470
572660
572850
573040
573230
573420
573610
573800
573990
574180
574370
574560
574750
574940
575130
575320
575510
575700
575890
576080
576270
576460
576650
576840
577030
577220
577410
577600
577790
577980
578170
578360
578550
578740
578930
579120
579310
579500
579690
579880
580070
580260
580450
580640
580830
581020
581210
581400
581590
581780
581970
582160
582350
582540
582730
582920
583110
583300
583490
583680
583870
584060
584250
584440
584630
584820
585010
585200
585390
585580
585770
585960
586150
586340
586530
586720
586910
587100
587290
587480
587670
587860
588050
588240
588430
588620
588810
589000
589190
589380
589570
589760
589950
590140
590330
590520
590710
590900
591090
591280
591470
591660
591850
592040
592230
592420
592610
592800
592990
593180
593370
593560
593750
593940
594130
594320
594510
594700
594890
595080
595270
595460
595650
595840
596030
596220
596410
596600
596790
596980
597170
597360
597550
597740
597930
598120
598310
598500
598690
598880
599070
599260
599450
599640
599830
600020
600210
600400
600590
600780
600970
601160
601350
601540
601730
601920
602110
602300
602490
602680
602870
603060
603250
603440
603630
603820
604010
604200
604390
604580
604770
604960
605150
605340
605530
605720
605910
606100
606290
606480
606670
606860
607050
607240
607430
607620
607810
608000
608190
608380
608570
608760
608950
609140
609330
609520
609710
609900
610090
610280
610470
610660
610850
611040
611230
611420
611610
611800
611990
612180
612370
612560
612750
612940
613130
613320
613510
613700
613890
614080
614270
614460
614650
614840
615030
615220
615410
615600
615790
615980
616170
616360
616550
616740
616930
617120
617310
617500
617690
617880
618070
618260
618450
618640
618830
619020
619210
619400
619590
619780
619970
620160
620350
620540
620730
620920
621110
621300
621490
621680
621870
622060
622250
622440
622630
622820
623010
623200
623390
623580
623770
623960
624150
624340
624530
624720
624910
625100
625290
625480
625670
625860
626050
626240
626430
626620
626810
627000
627190
627380
627570
627760
627950
628140
628330
628520
628710
628900
629090
629280
629470
629660
629850
630040
630230
630420
630610
630800
630990
631180
631370
631560
631750
631940
632130
632320
632510
632700
632890
633080
633270
633460
633650
633840
634030
634220
634410
634600
634790
634980
635170
635360
635550
635740
635930
636120
636310
636500
636690
636880
637070
637260
637450
637640
637830
638020
638210
638400
638590
638780
638970
639160
639350
639540
639730
639920
640110
640300
640490
640680
640870
641060
641250
641440
641630
641820
642010
642200
642390
642580
642770
642960
643150
643340
643530
643720
643910
644100
644290
644480
644670
644860
645050
645240
645430
645620
645810
646000
646190
646380
646570
646760
646950
647140
647330
647520
647710
647900
648090
648280
648470
648660
648850
649040
649230
649420
649610
649800
649990
650180
650370
650560
650750
650940
651130
651320
651510
651700
651890
652080
652270
652460
652650
652840
653030
653220
653410
653600
653790
653980
654170
654360
654550
654740
654930
655120
655310
655500
655690
655880
656070
656260
656450
656640
656830
657020
657210
657400
657590
657780
657970
658160
658350
658540
658730
658920
659110
659300
659490
659680
659870
660060
660250
660440
660630
660820
661010
661200
661390
661580
661770
661960
662150
662340
662530
662720
662910
663100
663290
663480
663670
663860
664050
664240
664430
664620
664810
665000
665190
665380
665570
665760
665950
666140
666330
666520
666710
666900
667090
667280
667470
667660
667850
668040
668230
668420
668610
668800
668990
669180
669370
669560
669750
669940
670130
670320
670510
670700
670890
671080
671270
671460
671650
671840
672030
672220
672410
672600
672790
672980
673170
673360
673550
673740
673930
674120
674310
674500
674690
674880
675070
675260
675450
675640
675830
676020
676210
676400
676590
676780
676970
677160
677350
677540
677730
677920
678110
678300
678490
678680
678870
679060
679250
679440
679630
679820
680010
680200
680390
680580
680770
680960
681150
681340
681530
681720
681910
682100
682290
682480
682670
682860
683050
683240
683430
683620
683810
684000
684190
684380
684570
684760
684950
685140
685330
685520
685710
685900
686090
686280
686470
686660
686850
687040
687230
687420
687610
687800
687990
688180
688370
688560
688750
688940
689130
689320
689510
689700
689890
690080
690270
690460
690650
690840
691030
691220
691410
691600
691790
691980
692170
692360
692550
692740
692930
693120
693310
693500
693690
693880
694070
694260
694450
694640
694830
695020
695210
695400
695590
695780
695970
696160
696350
696540
696730
696920
697110
697300
697490
697680
697870
698060
698250
698440
698630
698820
699010
699200
699390
699580
699770
699960
700150
700340
700530
700720
700910
701100
701290
701480
701670
701860
702050
702240
702430
702620
702810
703000
703190
703380
703570
703760
703950
704140
704330
704520
704710
704900
705090
705280
705470
705660
705850
706040
706230
706420
706610
706800
706990
707180
707370
707560
707750
707940
708130
708320
708510
708700
708890
709080
709270
709460
709650
709840
710030
710220
710410
710600
710790
710980
711170
711360
711550
711740
711930
712120
712310
712500
712690
712880
713070
713260
713450
713640
713830
714020
714210
714400
714590
714780
714970
715160
715350
715540
715730
715920
716110
716300
716490
716680
716870
717060
717250
717440
717630
717820
718010
718200
718390
718580
718770
718960
719150
719340
719530
719720
719910
720100
720290
720480
720670
720860
721050
721240
721430
721620
721810
722000
722190
722380
722570
722760
722950
723140
723330
723520
723710
723900
724090
724280
724470
724660
724850
725040
725230
725420
725610
725800
725990
726180
726370
726560
726750
726940
727130
727320
727510
727700
727890
728080
728270
728460
728650
728840
729030
729220
729410
729600
729790
729980
730170
730360
730550
730740
730930
731120
731310
731500
731690
731880
732070
732260
732450
732640
732830
733020
733210
733400
733590
733780
733970
734160
734350
734540
734730
734920
735110
735300
735490
735680
735870
736060
736250
736440
736630
736820
737010
737200
737390
737580
737770
737960
738150
738340
738530
738720
738910
739100
739290
739480
739670
739860
740050
740240
740430
740620
740810
741000
741190
741380
741570
741760
741950
742140
742330
742520
742710
742900
743090
743280
743470
743660
743850
744040
744230
744420
744610
744800
744990
745180
745370
745560
745750
745940
746130
746320
746510
746700
746890
747080
747270
747460
747650
747840
748030
748220
748410
748600
748790
748980
749170
749360
749550
749740
749930
750120
750310
750500
750690
750880
751070
751260
751450
751640
751830
752020
752210
752400
752590
752780
752970
753160
753350
753540
753730
753920
754110
754300
754490
754680
754870
755060
755250
755440
755630
755820
756010
756200
756390
756580
756770
756960
757150
757340
757530
757720
757910
758100
758290
758480
758670
758860
759050
759240
759430
759620
759810
760000
760190
760380
760570
760760
760950
761140
761330
761520
761710
761900
762090
762280
762470
762660
762850
763040
763230
763420
763610
763800
763990
764180
764370
764560
764750
764940
765130
765320
765510
765700
765890
766080
766270
766460
766650
766840
767030
767220
767410
767600
767790
767980
768170
768360
768550
768740
768930
769120
769310
769500
769690
769880
770070
770260
770450
770640
770830
771020
771210
771400
771590
771780
771970
772160
772350
772540
772730
772920
773110
773300
773490
773680
773870
774060
774250
774440
774630
774820
775010
775200
775390
775580
775770
775960
776150
776340
776530
776720
776910
777100
777290
777480
777670
777860
778050
778240
778430
778620
778810
779000
779190
779380
779570
779760
779950
780140
780330
780520
780710
780900
781090
781280
781470
781660
781850
782040
782230
782420
782610
782800
782990
783180
783370
783560
783750
783940
784130
784320
784510
784700
784890
785080
785270
785460
785650
785840
786030
786220
786410
786600
786790
786980
787170
787360
787550
787740
787930
788120
788310
788500
788690
788880
789070
789260
789450
789640
789830
790020
790210
790400
790590
790780
790970
791160
791350
791540
791730
791920
792110
792300
792490
792680
792870
793060
793250
793440
793630
793820
794010
794200
794390
794580
794770
794960
795150
795340
795530
795720
795910
796100
796290
796480
796670
796860
797050
797240
797430
797620
797810
798000
798190
798380
798570
798760
798950
799140
799330
799520
799710
799900
800090
800280
800470
800660
800850
801040
801230
801420
801610
801800
801990
802180
802370
802560
802750
802940
803130
803320
803510
803700
803890
804080
804270
804460
804650
804840
805030
805220
805410
805600
805790
805980
806170
806360
806550
806740
806930
807120
807310
807500
807690
807880
808070
808260
808450
808640
808830
809020
809210
809400
809590
809780
809970
810160
810350
810540
810730
810920
811110
811300
811490
811680
811870
812060
812250
812440
812630
812820
813010
813200
813390
813580
813770
813960
814150
814340
814530
814720
814910
815100
815290
815480
815670
815860
816050
816240
816430
816620
816810
817000
817190
817380
817570
817760
817950
818140
818330
818520
818710
818900
819090
819280
819470
819660
819850
820040
820230
820420
820610
820800
820990
821180
821370
821560
821750
821940
822130
822320
822510
822700
822890
823080
823270
823460
823650
823840
824030
824220
824410
824600
824790
824980
825170
825360
825550
825740
825930
826120
826310
826500
826690
826880
827070
827260
827450
827640
827830
828020
828210
828400
828590
828780
828970
829160
829350
829540
829730
829920
830110
830300
830490
830680
830870
831060
831250
831440
831630
831820
832010
832200
832390
832580
832770
832960
833150
833340
833530
833720
833910
834100
834290
834480
834670
834860
835050
835240
835430
835620
835810
836000
836190
836380
836570
836760
836950
837140
837330
837520
837710
837900
838090
838280
838470
838660
838850
839040
839230
839420
839610
839800
839990
840180
840370
840560
840750
840940
841130
841320
841510
841700
841890
842080
842270
842460
842650
842840
843030
843220
843410
843600
843790
843980
844170
844360
844550
844740
844930
845120
845310
845500
845690
845880
846070
846260
846450
846640
846830
847020
847210
847400
847590
847780
847970
848160
848350
848540
848730
848920
849110
849300
849490
849680
849870
850060
850250
850440
850630
850820
851010
851200
851390
851580
851770
851960
852150
852340
852530
852720
852910
853100
853290
853480
853670
853860
854050
854240
854430
854620
854810
855000
855190
855380
855570
855760
855950
856140
856330
856520
856710
856900
857090
857280
857470
857660
857850
858040
858230
858420
858610
858800
858990
859180
859370
859560
859750
859940
860130
860320
860510
860700
860890
861080
861270
861460
861650
861840
862030
862220
862410
862600
862790
862980
863170
863360
863550
863740
863930
864120
864310
864500
864690
864880
865070
865260
865450
865640
865830
866020
866210
866400
866590
866780
866970
867160
867350
867540
867730
867920
868110
868300
868490
868680
868870
869060
869250
869440
869630
869820
870010
870200
870390
870580
870770
870960
871150
871340
871530
871720
871910
872100
872290
872480
872670
872860
873050
873240
873430
873620
873810
874000
874190
874380
874570
874760
874950
875140
875330
875520
875710
875900
876090
876280
876470
876660
876850
877040
877230
877420
877610
877800
877990
878180
878370
878560
878750
878940
879130
879320
879510
879700
879890
880080
880270
880460
880650
880840
881030
881220
881410
881600
881790
881980
882170
882360
882550
882740
882930
883120
883310
883500
883690
883880
884070
884260
884450
884640
884830
885020
885210
885400
885590
885780
885970
886160
886350
886540
886730
886920
887110
887300
887490
887680
887870
888060
888250
888440
888630
888820
889010
889200
889390
889580
889770
889960
890150
890340
890530
890720
890910
891100
891290
891480
891670
891860
892050
892240
892430
892620
892810
893000
893190
893380
893570
893760
893950
894140
894330
894520
894710
894900
895090
895280
895470
895660
895850
896040
896230
896420
896610
896800
896990
897180
897370
897560
897750
897940
898130
898320
898510
898700
898890
899080
899270
899460
899650
899840
900030
900220
900410
900600
900790
900980
901170
901360
901550
901740
901930
902120
902310
902500
902690
902880
903070
903260
903450
903640
903830
904020
904210
904400
904590
904780
904970
905160
905350
905540
905730
905920
906110
906300
906490
906680
906870
907060
907250
907440
907630
907820
908010
908200
908390
908580
908770
908960
909150
909340
909530
909720
909910
910100
910290
910480
910670
910860
911050
911240
911430
911620
911810
912000
912190
912380
912570
912760
912950
913140
913330
913520
913710
913900
914090
914280
914470
914660
914850
915040
915230
915420
915610
915800
915990
916180
916370
916560
916750
916940
917130
917320
917510
917700
917890
918080
918270
918460
918650
918840
919030
919220
919410
919600
919790
919980
920170
920360
920550
920740
920930
921120
921310
921500
921690
921880
922070
922260
922450
922640
922830
923020
923210
923400
923590
923780
923970
924160
924350
924540
924730
924920
925110
925300
925490
925680
925870
926060
926250
926440
926630
926820
927010
927200
927390
927580
927770
927960
928150
928340
928530
928720
928910
929100
929290
929480
929670
929860
930050
930240
930430
930620
930810
931000
931190
931380
931570
931760
931950
932140
932330
932520
932710
932900
933090
933280
933470
933660
933850
934040
934230
934420
934610
934800
934990
935180
935370
935560
935750
935940
936130
936320
936510
936700
936890
937080
937270
937460
937650
937840
938030
938220
938410
938600
938790
938980
939170
939360
939550
939740
939930
940120
940310
940500
940690
940880
941070
941260
941450
941640
941830
942020
942210
942400
942590
942780
942970
943160
943350
943540
943730
943920
944110
944300
944490
944680
944870
945060
945250
945440
945630
945820
946010
946200
946390
946580
946770
946960
947150
947340
947530
947720
947910
948100
948290
948480
948670
948860
949050
949240
949430
949620
949810
950000
950190
950380
950570
950760
950950
951140
951330
951520
951710
951900
952090
952280
952470
952660
952850
953040
953230
953420
953610
953800
953990
954180
954370
954560
954750
954940
955130
955320
955510
955700
955890
956080
956270
956460
956650
956840
957030
957220
957410
957600
957790
957980
958170
958360
958550
958740
958930
959120
959310
959500
959690
959880
960070
960260
960450
960640
960830
961020
961210
961400
961590
961780
961970
962160
962350
962540
962730
962920
963110
963300
963490
963680
963870
964060
964250
964440
964630
964820
965010
965200
965390
965580
965770
965960
966150
966340
966530
966720
966910
967100
967290
967480
967670
967860
968050
968240
968430
968620
968810
969000
969190
969380
969570
969760
969950
970140
970330
970520
970710
970900
971090
971280
971470
971660
971850
972040
972230
972420
972610
972800
972990
973180
973370
973560
973750
973940
974130
974320
974510
974700
974890
975080
975270
975460
975650
975840
976030
976220
976410
976600
976790
976980
977170
977360
977550
977740
977930
978120
978310
978500
978690
978880
979070
979260
979450
979640
979830
980020
980210
980400
980590
980780
980970
981160
981350
981540
981730
981920
982110
982300
982490
982680
982870
983060
983250
983440
983630
983820
984010
984200
984390
984580
984770
984960
985150
985340
985530
985720
985910
986100
986290
986480
986670
986860
987050
987240
987430
987620
987810
988000
988190
988380
988570
988760
988950
989140
989330
989520
989710
989900
990090
990280
990470
990660
990850
991040
991230
991420
991610
991800
991990
992180
992370
992560
992750
992940
993130
993320
993510
993700
993890
994080
994270
994460
994650
994840
995030
995220
995410
995600
995790
995980
996170
996360
996550
996740
996930
997120
997310
997500
997690
997880
998070
998260
998450
998640
998830
999020
999210
999400
999590
999780
999970
1000160
1000350
1000540
1000730
1000920
1001110
1001300
1001490
1001680
1001870
1002060
1002250
1002440
1002630
1002820
1003010
1003200
1003390
1003580
1003770
1003960
1004150
1004340
1004530
1004720
1004910
1005100
1005290
1005480
1005670
1005860
1006050
1006240
1006430
1006620
1006810
1007000
1007190
1007380
1007570
1007760
1007950
1008140
1008330
1008520
1008710
1008900
1009090
1009280
1009470
1009660
1009850
1010040
1010230
1010420
1010610
1010800
1010990
1011180
1011370
1011560
1011750
1011940
1012130
1012320
1012510
1012700
1012890
1013080
1013270
1013460
1013650
1013840
1014030
1014220
1014410
1014600
1014790
1014980
1015170
1015360
1015550
1015740
1015930
1016120
1016310
1016500
1016690
1016880
1017070
1017260
1017450
1017640
1017830
1018020
1018210
1018400
1018590
1018780
1018970
1019160
1019350
1019540
1019730
1019920
1020110
1020300
1020490
1020680
1020870
1021060
1021250
1021440
1021630
1021820
1022010
1022200
1022390
1022580
1022770
1022960
1023150
1023340
1023530
1023720
1023910
1024100
1024290
1024480
1024670
1024860
1025050
1025240
1025430
1025620
1025810
1026000
1026190
1026380
1026570
1026760
1026950
1027140
1027330
1027520
1027710
1027900
1028090
1028280
1028470
1028660
1028850
1029040
1029230
1029420
1029610
1029800
1029990
1030180
1030370
1030560
1030750
1030940
1031130
1031320
1031510
1031700
1031890
1032080
1032270
1032460
1032650
1032840
1033030
1033220
1033410
1033600
1033790
1033980
1034170
1034360
1034550
1034740
1034930
1035120
1035310
1035500
1035690
1035880
1036070
1036260
1036450
1036640
1036830
1037020
1037210
1037400
1037590
1037780
1037970
1038160
1038350
1038540
1038730
1038920
1039110
1039300
1039490
1039680
1039870
1040060
1040250
1040440
1040630
1040820
1041010
1041200
1041390
1041580
1041770
1041960
1042150
1042340
1042530
1042720
1042910
1043100
1043290
1043480
1043670
1043860
1044050
1044240
1044430
1044620
1044810
1045000
1045190
1045380
1045570
1045760
1045950
1046140
1046330
1046520
1046710
1046900
1047090
1047280
1047470
1047660
1047850
1048040
1048230
1048420
1048610
1048800
1048990
1049180
1049370
1049560
1049750
1049940
1050130
1050320
1050510
1050700
1050890
1051080
1051270
1051460
1051650
1051840
1052030
1052220
1052410
1052600
1052790
1052980
1053170
1053360
1053550
1053740
1053930
1054120
1054310
1054500
1054690
1054880
1055070
1055260
1055450
1055640
1055830
1056020
1056210
1056400
1056590
1056780
1056970
1057160
1057350
1057540
1057730
1057920
1058110
1058300
1058490
1058680
1058870
1059060
1059250
1059440
1059630
1059820
1060010
1060200
1060390
1060580
1060770
1060960
1061150
1061340
1061530
1061720
1061910
1062100
1062290
1062480
1062670
1062860
1063050
1063240
1063430
1063620
1063810
1064000
1064190
1064380
1064570
1064760
1064950
1065140
1065330
1065520
1065710
1065900
1066090
1066280
1066470
1066660
1066850
1067040
1067230
1067420
1067610
1067800
1067990
1068180
1068370
1068560
1068750
1068940
1069130
1069320
1069510
1069700
1069890
1070080
1070270
1070460
1070650
1070840
1071030
1071220
1071410
1071600
1071790
1071980
1072170
1072360
1072550
1072740
1072930
1073120
1073310
1073500
1073690
1073880
1074070
1074260
1074450
1074640
1074830
1075020
1075210
1075400
1075590
1075780
1075970
1076160
1076350
1076540
1076730
1076920
1077110
1077300
1077490
1077680
1077870
1078060
1078250
1078440
1078630
1078820
1079010
1079200
1079390
1079580
1079770
1079960
1080150
1080340
1080530
1080720
1080910
1081100
1081290
1081480
1081670
1081860
1082050
1082240
1082430
1082620
1082810
1083000
1083190
1083380
1083570
1083760
1083950
1084140
1084330
1084520
1084710
1084900
1085090
1085280
1085470
1085660
1085850
1086040
1086230
1086420
1086610
1086800
1086990
1087180
1087370
1087560
1087750
1087940
1088130
1088320
1088510
1088700
1088890
1089080
1089270
1089460
1089650
1089840
1090030
1090220
1090410
1090600
1090790
1090980
1091170
1091360
1091550
1091740
1091930
1092120
1092310
1092500
1092690
1092880
1093070
1093260
1093450
1093640
1093830
1094020
1094210
1094400
1094590
1094780
1094970
1095160
1095350
1095540
1095730
1095920
1096110
1096300
1096490
1096680
1096870
1097060
1097250
1097440
1097630
1097820
1098010
1098200
1098390
1098580
1098770
1098960
1099150
1099340
1099530
1099720
1099910
1100100
1100290
1100480
1100670
1100860
1101050
1101240
1101430
1101620
1101810
1102000
1102190
1102380
1102570
1102760
1102950
1103140
1103330
1103520
1103710
1103900
1104090
1104280
1104470
1104660
1104850
1105040
1105230
1105420
1105610
1105800
1105990
1106180
1106370
1106560
1106750
1106940
1107130
1107320
1107510
1107700
1107890
1108080
1108270
1108460
1108650
1108840
1109030
1109220
1109410
1109600
1109790
1109980
1110170
1110360
1110550
1110740
1110930
1111120
1111310
1111500
1111690
1111880
1112070
1112260
1112450
1112640
1112830
1113020
1113210
1113400
1113590
1113780
1113970
1114160
1114350
1114540
1114730
1114920
1115110
1115300
1115490
1115680
1115870
1116060
1116250
1116440
1116630
1116820
1117010
1117200
1117390
1117580
1117770
1117960
1118150
1118340
1118530
1118720
1118910
1119100
1119290
1119480
1119670
1119860
1120050
1120240
1120430
1120620
1120810
1121000
1121190
1121380
1121570
1121760
1121950
1122140
1122330
1122520
1122710
1122900
1123090
1123280
1123470
1123660
1123850
1124040
1124230
1124420
1124610
1124800
1124990
1125180
1125370
1125560
1125750
1125940
1126130
1126320
1126510
1126700
1126890
1127080
1127270
1127460
1127650
1127840
1128030
1128220
1128410
1128600
1128790
1128980
1129170
1129360
1129550
1129740
1129930
1130120
1130310
1130500
1130690
1130880
1131070
1131260
1131450
1131640
1131830
1132020
1132210
1132400
1132590
1132780
1132970
1133160
1133350
1133540
1133730
1133920
1134110
1134300
1134490
1134680
1134870
1135060
1135250
1135440
1135630
1135820
1136010
1136200
1136390
1136580
1136770
1136960
1137150
1137340
1137530
1137720
1137910
1138100
1138290
1138480
1138670
1138860
1139050
1139240
1139430
1139620
1139810
1140000
1140190
1140380
1140570
1140760
1140950
1141140
1141330
1141520
1141710
1141900
1142090
1142280
1142470
1142660
1142850
1143040
1143230
1143420
1143610
1143800
1143990
1144180
1144370
1144560
1144750
1144940
1145130
1145320
1145510
1145700
1145890
1146080
1146270
1146460
1146650
1146840
1147030
1147220
1147410
1147600
1147790
1147980
1148170
1148360
1148550
1148740
1148930
1149120
1149310
1149500
1149690
1149880
1150070
1150260
1150450
1150640
1150830
1151020
1151210
1151400
1151590
1151780
1151970
1152160
1152350
1152540
1152730
1152920
1153110
1153300
1153490
1153680
1153870
1154060
1154250
1154440
1154630
1154820
1155010
1155200
1155390
1155580
1155770
1155960
1156150
1156340
1156530
1156720
1156910
1157100
1157290
1157480
1157670
1157860
1158050
1158240
1158430
1158620
1158810
1159000
1159190
1159380
1159570
1159760
1159950
1160140
1160330
1160520
1160710
1160900
1161090
1161280
1161470
1161660
1161850
1162040
1162230
1162420
1162610
1162800
1162990
1163180
1163370
1163560
1163750
1163940
1164130
1164320
1164510
1164700
1164890
1165080
1165270
1165460
1165650
1165840
1166030
1166220
1166410
1166600
1166790
1166980
1167170
1167360
1167550
1167740
1167930
1168120
1168310
1168500
1168690
1168880
1169070
1169260
1169450
1169640
1169830
1170020
1170210
1170400
1170590
1170780
1170970
1171160
1171350
1171540
1171730
1171920
1172110
1172300
1172490
1172680
1172870
1173060
1173250
1173440
1173630
1173820
1174010
1174200
1174390
1174580
1174770
1174960
1175150
1175340
1175530
1175720
1175910
1176100
1176290
1176480
1176670
1176860
1177050
1177240
1177430
1177620
1177810
1178000
1178190
1178380
1178570
1178760
1178950
1179140
1179330
1179520
1179710
1179900
1180090
1180280
1180470
1180660
1180850
1181040
1181230
1181420
1181610
1181800
1181990
1182180
1182370
1182560
1182750
1182940
1183130
1183320
1183510
1183700
1183890
1184080
1184270
1184460
1184650
1184840
1185030
1185220
1185410
1185600
1185790
1185980
1186170
1186360
1186550
1186740
1186930
1187120
1187310
1187500
1187690
1187880
1188070
1188260
1188450
1188640
1188830
1189020
1189210
1189400
1189590
1189780
1189970
1190160
1190350
1190540
1190730
1190920
1191110
1191300
1191490
1191680
1191870
1192060
1192250
1192440
1192630
1192820
1193010
1193200
1193390
1193580
1193770
1193960
1194150
1194340
1194530
1194720
1194910
1195100
1195290
1195480
1195670
1195860
1196050
1196240
1196430
1196620
1196810
1197000
1197190
1197380
1197570
1197760
1197950
1198140
1198330
1198520
1198710
1198900
1199090
1199280
1199470
1199660
1199850
1200040
1200230
1200420
1200610
1200800
1200990
1201180
1201370
1201560
1201750
1201940
1202130
1202320
1202510
1202700
1202890
1203080
1203270
1203460
1203650
1203840
1204030
1204220
1204410
1204600
1204790
1204980
1205170
1205360
1205550
1205740
1205930
1206120
1206310
1206500
1206690
1206880
1207070
1207260
1207450
1207640
1207830
1208020
1208210
1208400
1208590
1208780
1208970
1209160
1209350
1209540
1209730
1209920
1210110
1210300
1210490
1210680
1210870
1211060
1211250
1211440
1211630
1211820
1212010
1212200
1212390
1212580
1212770
1212960
1213150
1213340
1213530
1213720
1213910
1214100
1214290
1214480
1214670
1214860
1215050
1215240
1215430
1215620
1215810
1216000
1216190
1216380
1216570
1216760
1216950
1217140
1217330
1217520
1217710
1217900
1218090
1218280
1218470
1218660
1218850
1219040
1219230
1219420
1219610
1219800
1219990
1220180
1220370
1220560
1220750
1220940
1221130
1221320
1221510
1221700
1221890
1222080
1222270
1222460
1222650
1222840
1223030
1223220
1223410
1223600
1223790
1223980
1224170
1224360
1224550
1224740
1224930
1225120
1225310
1225500
1225690
1225880
1226070
1226260
1226450
1226640
1226830
1227020
1227210
1227400
1227590
1227780
1227970
1228160
1228350
1228540
1228730
1228920
1229110
1229300
1229490
1229680
1229870
1230060
1230250
1230440
1230630
1230820
1231010
1231200
1231390
1231580
1231770
1231960
1232150
1232340
1232530
1232720
1232910
1233100
1233290
1233480
1233670
1233860
1234050
1234240
1234430
1234620
1234810
1235000
1235190
1235380
1235570
1235760
1235950
1236140
1236330
1236520
1236710
1236900
1237090
1237280
1237470
1237660
1237850
1238040
1238230
1238420
1238610
1238800
1238990
1239180
1239370
1239560
1239750
1239940
1240130
1240320
1240510
1240700
1240890
1241080
1241270
1241460
1241650
1241840
1242030
1242220
1242410
1242600
1242790
1242980
1243170
1243360
1243550
1243740
1243930
1244120
1244310
1244500
1244690
1244880
1245070
1245260
1245450
1245640
1245830
1246020
1246210
1246400
1246590
1246780
1246970
1247160
1247350
1247540
1247730
1247920
1248110
1248300
1248490
1248680
1248870
1249060
1249250
1249440
1249630
1249820
1250010
1250200
1250390
1250580
1250770
1250960
1251150
1251340
1251530
1251720
1251910
1252100
1252290
1252480
1252670
1252860
1253050
1253240
1253430
1253620
1253810
1254000
1254190
1254380
1254570
1254760
1254950
1255140
1255330
1255520
1255710
1255900
1256090
1256280
1256470
1256660
1256850
1257040
1257230
1257420
1257610
1257800
1257990
1258180
1258370
1258560
1258750
1258940
1259130
1259320
1259510
1259700
1259890
1260080
1260270
1260460
1260650
1260840
1261030
1261220
1261410
1261600
1261790
1261980
1262170
1262360
1262550
1262740
1262930
1263120
1263310
1263500
1263690
1263880
1264070
1264260
1264450
1264640
1264830
1265020
1265210
1265400
1265590
1265780
1265970
1266160
1266350
1266540
1266730
1266920
1267110
1267300
1267490
1267680
1267870
1268060
1268250
1268440
1268630
1268820
1269010
1269200
1269390
1269580
1269770
1269960
1270150
1270340
1270530
1270720
1270910
1271100
1271290
1271480
1271670
1271860
1272050
1272240
1272430
1272620
1272810
1273000
1273190
1273380
1273570
1273760
1273950
1274140
1274330
1274520
1274710
1274900
1275090
1275280
1275470
1275660
1275850
1276040
1276230
1276420
1276610
1276800
1276990
1277180
1277370
1277560
1277750
1277940
1278130
1278320
1278510
1278700
1278890
1279080
1279270
1279460
1279650
1279840
1280030
1280220
1280410
1280600
1280790
1280980
1281170
1281360
1281550
1281740
1281930
1282120
1282310
1282500
1282690
1282880
1283070
1283260
1283450
1283640
1283830
1284020
1284210
1284400
1284590
1284780
1284970
1285160
1285350
1285540
1285730
1285920
1286110
1286300
1286490
1286680
1286870
1287060
1287250
1287440
1287630
1287820
1288010
1288200
1288390
1288580
1288770
1288960
1289150
1289340
1289530
1289720
1289910
1290100
1290290
1290480
1290670
1290860
1291050
1291240
1291430
1291620
1291810
1292000
1292190
1292380
1292570
1292760
1292950
1293140
1293330
1293520
1293710
1293900
1294090
1294280
1294470
1294660
1294850
1295040
1295230
1295420
1295610
1295800
1295990
1296180
1296370
1296560
1296750
1296940
1297130
1297320
1297510
1297700
1297890
1298080
1298270
1298460
1298650
1298840
1299030
1299220
1299410
1299600
1299790
1299980
1300170
1300360
1300550
1300740
1300930
1301120
1301310
1301500
1301690
1301880
1302070
1302260
1302450
1302640
1302830
1303020
1303210
1303400
1303590
1303780
1303970
1304160
1304350
1304540
1304730
1304920
1305110
1305300
1305490
1305680
1305870
1306060
1306250
1306440
1306630
1306820
1307010
1307200
1307390
1307580
1307770
1307960
1308150
1308340
1308530
1308720
1308910
1309100
1309290
1309480
1309670
1309860
1310050
1310240
1310430
1310620
1310810
1311000
1311190
1311380
1311570
1311760
1311950
1312140
1312330
1312520
1312710
1312900
1313090
1313280
1313470
1313660
1313850
1314040
1314230
1314420
1314610
1314800
1314990
1315180
1315370
1315560
1315750
1315940
1316130
1316320
1316510
1316700
1316890
1317080
1317270
1317460
1317650
1317840
1318030
1318220
1318410
1318600
1318790
1318980
1319170
1319360
1319550
1319740
1319930
1320120
1320310
1320500
1320690
1320880
1321070
1321260
1321450
1321640
1321830
1322020
1322210
1322400
1322590
1322780
1322970
1323160
1323350
1323540
1323730
1323920
1324110
1324300
1324490
1324680
1324870
1325060
1325250
1325440
1325630
1325820
1326010
1326200
1326390
1326580
1326770
1326960
1327150
1327340
1327530
1327720
1327910
1328100
1328290
1328480
1328670
1328860
1329050
1329240
1329430
1329620
1329810
1330000
1330190
1330380
1330570
1330760
1330950
1331140
1331330
1331520
1331710
1331900
1332090
1332280
1332470
1332660
1332850
1333040
1333230
1333420
1333610
1333800
1333990
1334180
1334370
1334560
1334750
1334940
1335130
1335320
1335510
1335700
1335890
1336080
1336270
1336460
1336650
1336840
1337030
1337220
1337410
1337600
1337790
1337980
1338170
1338360
1338550
1338740
1338930
1339120
1339310
1339500
1339690
1339880
1340070
1340260
1340450
1340640
1340830
1341020
1341210
1341400
1341590
1341780
1341970
1342160
1342350
1342540
1342730
1342920
1343110
1343300
1343490
1343680
1343870
1344060
1344250
1344440
1344630
1344820
1345010
1345200
1345390
1345580
1345770
1345960
1346150
1346340
1346530
1346720
1346910
1347100
1347290
1347480
1347670
1347860
1348050
1348240
1348430
1348620
1348810
1349000
1349190
1349380
1349570
1349760
1349950
1350140
1350330
1350520
1350710
1350900
1351090
1351280
1351470
1351660
1351850
1352040
1352230
1352420
1352610
1352800
1352990
1353180
1353370
1353560
1353750
1353940
1354130
1354320
1354510
1354700
1354890
1355080
1355270
1355460
1355650
1355840
1356030
1356220
1356410
1356600
1356790
1356980
1357170
1357360
1357550
1357740
1357930
1358120
1358310
1358500
1358690
1358880
1359070
1359260
1359450
1359640
1359830
1360020
1360210
1360400
1360590
1360780
1360970
1361160
1361350
1361540
1361730
1361920
1362110
1362300
1362490
1362680
1362870
1363060
1363250
1363440
1363630
1363820
1364010
1364200
1364390
1364580
1364770
1364960
1365150
1365340
1365530
1365720
1365910
1366100
1366290
1366480
1366670
1366860
1367050
1367240
1367430
1367620
1367810
1368000
1368190
1368380
1368570
1368760
1368950
1369140
1369330
1369520
1369710
1369900
1370090
1370280
1370470
1370660
1370850
1371040
1371230
1371420
1371610
1371800
1371990
1372180
1372370
1372560
1372750
1372940
1373130
1373320
1373510
1373700
1373890
1374080
1374270
1374460
1374650
1374840
1375030
1375220
1375410
1375600
1375790
1375980
1376170
1376360
1376550
1376740
1376930
1377120
1377310
1377500
1377690
1377880
1378070
1378260
1378450
1378640
1378830
1379020
1379210
1379400
1379590
1379780
1379970
1380160
1380350
1380540
1380730
1380920
1381110
1381300
1381490
1381680
1381870
1382060
1382250
1382440
1382630
1382820
1383010
1383200
1383390
1383580
1383770
1383960
1384150
1384340
1384530
1384720
1384910
1385100
1385290
1385480
1385670
1385860
1386050
1386240
1386430
1386620
1386810
1387000
1387190
1387380
1387570
1387760
1387950
1388140
1388330
1388520
1388710
1388900
1389090
1389280
1389470
1389660
1389850
1390040
1390230
1390420
1390610
1390800
1390990
1391180
1391370
1391560
1391750
1391940
1392130
1392320
1392510
1392700
1392890
1393080
1393270
1393460
1393650
1393840
1394030
1394220
1394410
1394600
1394790
1394980
1395170
1395360
1395550
1395740
1395930
1396120
1396310
1396500
1396690
1396880
1397070
1397260
1397450
1397640
1397830
1398020
1398210
1398400
1398590
1398780
1398970
1399160
1399350
1399540
1399730
1399920
1400110
1400300
1400490
1400680
1400870
1401060
1401250
1401440
1401630
1401820
1402010
1402200
1402390
1402580
1402770
1402960
1403150
1403340
1403530
1403720
1403910
1404100
1404290
1404480
1404670
1404860
1405050
1405240
1405430
1405620
1405810
1406000
1406190
1406380
1406570
1406760
1406950
1407140
1407330
1407520
1407710
1407900
1408090
1408280
1408470
1408660
1408850
1409040
1409230
1409420
1409610
1409800
1409990
1410180
1410370
1410560
1410750
1410940
1411130
1411320
1411510
1411700
1411890
1412080
1412270
1412460
1412650
1412840
1413030
1413220
1413410
1413600
1413790
1413980
1414170
1414360
1414550
1414740
1414930
1415120
1415310
1415500
1415690
1415880
1416070
1416260
1416450
1416640
1416830
1417020
1417210
1417400
1417590
1417780
1417970
1418160
1418350
1418540
1418730
1418920
1419110
1419300
1419490
1419680
1419870
1420060
1420250
1420440
1420630
1420820
1421010
1421200
1421390
1421580
1421770
1421960
1422150
1422340
1422530
1422720
1422910
1423100
1423290
1423480
1423670
1423860
1424050
1424240
1424430
1424620
1424810
1425000
1425190
1425380
1425570
1425760
1425950
1426140
1426330
1426520
1426710
1426900
1427090
1427280
1427470
1427660
1427850
1428040
1428230
1428420
1428610
1428800
1428990
1429180
1429370
1429560
1429750
1429940
1430130
1430320
1430510
1430700
1430890
1431080
1431270
1431460
1431650
1431840
1432030
1432220
1432410
1432600
1432790
1432980
1433170
1433360
1433550
1433740
1433930
1434120
1434310
1434500
1434690
1434880
1435070
1435260
1435450
1435640
1435830
1436020
1436210
1436400
1436590
1436780
1436970
1437160
1437350
1437540
1437730
1437920
1438110
1438300
1438490
1438680
1438870
1439060
1439250
1439440
1439630
1439820
1440010
1440200
1440390
1440580
1440770
1440960
1441150
1441340
1441530
1441720
1441910
1442100
1442290
1442480
1442670
1442860
1443050
1443240
1443430
1443620
1443810
1444000
1444190
1444380
1444570
1444760
1444950
1445140
1445330
1445520
1445710
1445900
1446090
1446280
1446470
1446660
1446850
1447040
1447230
1447420
1447610
1447800
1447990
1448180
1448370
1448560
1448750
1448940
1449130
1449320
1449510
1449700
1449890
1450080
1450270
1450460
1450650
1450840
1451030
1451220
1451410
1451600
1451790
1451980
1452170
1452360
1452550
1452740
1452930
1453120
1453310
1453500
1453690
1453880
1454070
1454260
1454450
1454640
1454830
1455020
1455210
1455400
1455590
1455780
1455970
1456160
1456350
1456540
1456730
1456920
1457110
1457300
1457490
1457680
1457870
1458060
1458250
1458440
1458630
1458820
1459010
1459200
1459390
1459580
1459770
1459960
1460150
1460340
1460530
1460720
1460910
1461100
1461290
1461480
1461670
1461860
1462050
1462240
1462430
1462620
1462810
1463000
1463190
1463380
1463570
1463760
1463950
1464140
1464330
1464520
1464710
1464900
1465090
1465280
1465470
1465660
1465850
1466040
1466230
1466420
1466610
1466800
1466990
1467180
1467370
1467560
1467750
1467940
1468130
1468320
1468510
1468700
1468890
1469080
1469270
1469460
1469650
1469840
1470030
1470220
1470410
1470600
1470790
1470980
1471170
1471360
1471550
1471740
1471930
1472120
1472310
1472500
1472690
1472880
1473070
1473260
1473450
1473640
1473830
1474020
1474210
1474400
1474590
1474780
1474970
1475160
1475350
1475540
1475730
1475920
1476110
1476300
1476490
1476680
1476870
1477060
1477250
1477440
1477630
1477820
1478010
1478200
1478390
1478580
1478770
1478960
1479150
1479340
1479530
1479720
1479910
1480100
1480290
1480480
1480670
1480860
1481050
1481240
1481430
1481620
1481810
1482000
1482190
1482380
1482570
1482760
1482950
1483140
1483330
1483520
1483710
1483900
1484090
1484280
1484470
1484660
1484850
1485040
1485230
1485420
1485610
1485800
1485990
1486180
1486370
1486560
1486750
1486940
1487130
1487320
1487510
1487700
1487890
1488080
1488270
1488460
1488650
1488840
1489030
1489220
1489410
1489600
1489790
1489980
1490170
1490360
1490550
1490740
1490930
1491120
1491310
1491500
1491690
1491880
1492070
1492260
1492450
1492640
1492830
1493020
1493210
1493400
1493590
1493780
1493970
1494160
1494350
1494540
1494730
1494920
1495110
1495300
1495490
1495680
1495870
1496060
1496250
1496440
1496630
1496820
1497010
1497200
1497390
1497580
1497770
1497960
1498150
1498340
1498530
1498720
1498910
1499100
1499290
1499480
1499670
1499860
1500050
1500240
1500430
1500620
1500810
1501000
1501190
1501380
1501570
1501760
1501950
1502140
1502330
1502520
1502710
1502900
1503090
1503280
1503470
1503660
1503850
1504040
1504230
1504420
1504610
1504800
1504990
1505180
1505370
1505560
1505750
1505940
1506130
1506320
1506510
1506700
1506890
1507080
1507270
1507460
1507650
1507840
1508030
1508220
1508410
1508600
1508790
1508980
1509170
1509360
1509550
1509740
1509930
1510120
1510310
1510500
1510690
1510880
1511070
1511260
1511450
1511640
1511830
1512020
1512210
1512400
1512590
1512780
1512970
1513160
1513350
1513540
1513730
1513920
1514110
1514300
1514490
1514680
1514870
1515060
1515250
1515440
1515630
1515820
1516010
1516200
1516390
1516580
1516770
1516960
1517150
1517340
1517530
1517720
1517910
1518100
1518290
1518480
1518670
1518860
1519050
1519240
1519430
1519620
1519810
1520000
1520190
1520380
1520570
1520760
1520950
1521140
1521330
1521520
1521710
1521900
1522090
1522280
1522470
1522660
1522850
1523040
1523230
1523420
1523610
1523800
1523990
1524180
1524370
1524560
1524750
1524940
1525130
1525320
1525510
1525700
1525890
1526080
1526270
1526460
1526650
1526840
1527030
1527220
1527410
1527600
1527790
1527980
1528170
1528360
1528550
1528740
1528930
1529120
1529310
1529500
1529690
1529880
1530070
1530260
1530450
1530640
1530830
1531020
1531210
1531400
1531590
1531780
1531970
1532160
1532350
1532540
1532730
1532920
1533110
1533300
1533490
1533680
1533870
1534060
1534250
1534440
1534630
1534820
1535010
1535200
1535390
1535580
1535770
1535960
1536150
1536340
1536530
1536720
1536910
1537100
1537290
1537480
1537670
1537860
1538050
1538240
1538430
1538620
1538810
1539000
1539190
1539380
1539570
1539760
1539950
1540140
1540330
1540520
1540710
1540900
1541090
1541280
1541470
1541660
1541850
1542040
1542230
1542420
1542610
1542800
1542990
1543180
1543370
1543560
1543750
1543940
1544130
1544320
1544510
1544700
1544890
1545080
1545270
1545460
1545650
1545840
1546030
1546220
1546410
1546600
1546790
1546980
1547170
1547360
1547550
1547740
1547930
1548120
1548310
1548500
1548690
1548880
1549070
1549260
1549450
1549640
1549830
1550020
1550210
1550400
1550590
1550780
1550970
1551160
1551350
1551540
1551730
1551920
1552110
1552300
1552490
1552680
1552870
1553060
1553250
1553440
1553630
1553820
1554010
1554200
1554390
1554580
1554770
1554960
1555150
1555340
1555530
1555720
1555910
1556100
1556290
1556480
1556670
1556860
1557050
1557240
1557430
1557620
1557810
1558000
1558190
1558380
1558570
1558760
1558950
1559140
1559330
1559520
1559710
1559900
1560090
1560280
1560470
1560660
1560850
1561040
1561230
1561420
1561610
1561800
1561990
1562180
1562370
1562560
1562750
1562940
1563130
1563320
1563510
1563700
1563890
1564080
1564270
1564460
1564650
1564840
1565030
1565220
1565410
1565600
1565790
1565980
1566170
1566360
1566550
1566740
1566930
1567120
1567310
1567500
1567690
1567880
1568070
1568260
1568450
1568640
1568830
1569020
1569210
1569400
1569590
1569780
1569970
1570160
1570350
1570540
1570730
1570920
1571110
1571300
1571490
1571680
1571870
1572060
1572250
1572440
1572630
1572820
1573010
1573200
1573390
1573580
1573770
1573960
1574150
1574340
1574530
1574720
1574910
1575100
1575290
1575480
1575670
1575860
1576050
1576240
1576430
1576620
1576810
1577000
1577190
1577380
1577570
1577760
1577950
1578140
1578330
1578520
1578710
1578900
1579090
1579280
1579470
1579660
1579850
1580040
1580230
1580420
1580610
1580800
1580990
1581180
1581370
1581560
1581750
1581940
1582130
1582320
1582510
1582700
1582890
1583080
1583270
1583460
1583650
1583840
1584030
1584220
1584410
1584600
1584790
1584980
1585170
1585360
1585550
1585740
1585930
1586120
1586310
1586500
1586690
1586880
1587070
1587260
1587450
1587640
1587830
1588020
1588210
1588400
1588590
1588780
1588970
1589160
1589350
1589540
1589730
1589920
1590110
1590300
1590490
1590680
1590870
1591060
1591250
1591440
1591630
1591820
1592010
1592200
1592390
1592580
1592770
1592960
1593150
1593340
1593530
1593720
1593910
1594100
1594290
1594480
1594670
1594860
1595050
1595240
1595430
1595620
1595810
1596000
1596190
1596380
1596570
1596760
1596950
1597140
1597330
1597520
1597710
1597900
1598090
1598280
1598470
1598660
1598850
1599040
1599230
1599420
1599610
1599800
1599990
1600180
1600370
1600560
1600750
1600940
1601130
1601320
1601510
1601700
1601890
1602080
1602270
1602460
1602650
1602840
1603030
1603220
1603410
1603600
1603790
1603980
1604170
1604360
1604550
1604740
1604930
1605120
1605310
1605500
1605690
1605880
1606070
1606260
1606450
1606640
1606830
1607020
1607210
1607400
1607590
1607780
1607970
1608160
1608350
1608540
1608730
1608920
1609110
1609300
1609490
1609680
1609870
1610060
1610250
1610440
1610630
1610820
1611010
1611200
1611390
1611580
1611770
1611960
1612150
1612340
1612530
1612720
1612910
1613100
1613290
1613480
1613670
1613860
1614050
1614240
1614430
1614620
1614810
1615000
1615190
1615380
1615570
1615760
1615950
1616140
1616330
1616520
1616710
1616900
1617090
1617280
1617470
1617660
1617850
1618040
1618230
1618420
1618610
1618800
1618990
1619180
1619370
1619560
1619750
1619940
1620130
1620320
1620510
1620700
1620890
1621080
1621270
1621460
1621650
1621840
1622030
1622220
1622410
1622600
1622790
1622980
1623170
1623360
1623550
1623740
1623930
1624120
1624310
1624500
1624690
1624880
1625070
1625260
1625450
1625640
1625830
1626020
1626210
1626400
1626590
1626780
1626970
1627160
1627350
1627540
1627730
1627920
1628110
1628300
1628490
1628680
1628870
1629060
1629250
1629440
1629630
1629820
1630010
1630200
1630390
1630580
1630770
1630960
1631150
1631340
1631530
1631720
1631910
1632100
1632290
1632480
1632670
1632860
1633050
1633240
1633430
1633620
1633810
1634000
1634190
1634380
1634570
1634760
1634950
1635140
1635330
1635520
1635710
1635900
1636090
1636280
1636470
1636660
1636850
1637040
1637230
1637420
1637610
1637800
1637990
1638180
1638370
1638560
1638750
1638940
1639130
1639320
1639510
1639700
1639890
1640080
1640270
1640460
1640650
1640840
1641030
1641220
1641410
1641600
1641790
1641980
1642170
1642360
1642550
1642740
1642930
1643120
1643310
1643500
1643690
1643880
1644070
1644260
1644450
1644640
1644830
1645020
1645210
1645400
1645590
1645780
1645970
1646160
1646350
1646540
1646730
1646920
1647110
1647300
1647490
1647680
1647870
1648060
1648250
1648440
1648630
1648820
1649010
1649200
1649390
1649580
1649770
1649960
1650150
1650340
1650530
1650720
1650910
1651100
1651290
1651480
1651670
1651860
1652050
1652240
1652430
1652620
1652810
1653000
1653190
1653380
1653570
1653760
1653950
1654140
1654330
1654520
1654710
1654900
1655090
1655280
1655470
1655660
1655850
1656040
1656230
1656420
1656610
1656800
1656990
1657180
1657370
1657560
1657750
1657940
1658130
1658320
1658510
1658700
1658890
1659080
1659270
1659460
1659650
1659840
1660030
1660220
1660410
1660600
1660790
1660980
1661170
1661360
1661550
1661740
1661930
1662120
1662310
1662500
1662690
1662880
1663070
1663260
1663450
1663640
1663830
1664020
1664210
1664400
1664590
1664780
1664970
1665160
1665350
1665540
1665730
1665920
1666110
1666300
1666490
1666680
1666870
1667060
1667250
1667440
1667630
1667820
1668010
1668200
1668390
1668580
1668770
1668960
1669150
1669340
1669530
1669720
1669910
1670100
1670290
1670480
1670670
1670860
1671050
1671240
1671430
1671620
1671810
1672000
1672190
1672380
1672570
1672760
1672950
1673140
1673330
1673520
1673710
1673900
1674090
1674280
1674470
1674660
1674850
1675040
1675230
1675420
1675610
1675800
1675990
1676180
1676370
1676560
1676750
1676940
1677130
1677320
1677510
1677700
1677890
1678080
1678270
1678460
1678650
1678840
1679030
1679220
1679410
1679600
1679790
1679980
1680170
1680360
1680550
1680740
1680930
1681120
1681310
1681500
1681690
1681880
1682070
1682260
1682450
1682640
1682830
1683020
1683210
1683400
1683590
1683780
1683970
1684160
1684350
1684540
1684730
1684920
1685110
1685300
1685490
1685680
1685870
1686060
1686250
1686440
1686630
1686820
1687010
1687200
1687390
1687580
1687770
1687960
1688150
1688340
1688530
1688720
1688910
1689100
1689290
1689480
1689670
1689860
1690050
1690240
1690430
1690620
1690810
1691000
1691190
1691380
1691570
1691760
1691950
1692140
1692330
1692520
1692710
1692900
1693090
1693280
1693470
1693660
1693850
1694040
1694230
1694420
1694610
1694800
1694990
1695180
1695370
1695560
1695750
1695940
1696130
1696320
1696510
1696700
1696890
1697080
1697270
1697460
1697650
1697840
1698030
1698220
1698410
1698600
1698790
1698980
1699170
1699360
1699550
1699740
1699930
1700120
1700310
1700500
1700690
1700880
1701070
1701260
1701450
1701640
1701830
1702020
1702210
1702400
1702590
1702780
1702970
1703160
1703350
1703540
1703730
1703920
1704110
1704300
1704490
1704680
1704870
1705060
1705250
1705440
1705630
1705820
1706010
1706200
1706390
1706580
1706770
1706960
1707150
1707340
1707530
1707720
1707910
1708100
1708290
1708480
1708670
1708860
1709050
1709240
1709430
1709620
1709810
1710000
1710190
1710380
1710570
1710760
1710950
1711140
1711330
1711520
1711710
1711900
1712090
1712280
1712470
1712660
1712850
1713040
1713230
1713420
1713610
1713800
1713990
1714180
1714370
1714560
1714750
1714940
1715130
1715320
1715510
1715700
1715890
1716080
1716270
1716460
1716650
1716840
1717030
1717220
1717410
1717600
1717790
1717980
1718170
1718360
1718550
1718740
1718930
1719120
1719310
1719500
1719690
1719880
1720070
1720260
1720450
1720640
1720830
1721020
1721210
1721400
1721590
1721780
1721970
1722160
1722350
1722540
1722730
1722920
1723110
1723300
1723490
1723680
1723870
1724060
1724250
1724440
1724630
1724820
1725010
1725200
1725390
1725580
1725770
1725960
1726150
1726340
1726530
1726720
1726910
1727100
1727290
1727480
1727670
1727860
1728050
1728240
1728430
1728620
1728810
1729000
1729190
1729380
1729570
1729760
1729950
1730140
1730330
1730520
1730710
1730900
1731090
1731280
1731470
1731660
1731850
1732040
1732230
1732420
1732610
1732800
1732990
1733180
1733370
1733560
1733750
1733940
1734130
1734320
1734510
1734700
1734890
1735080
1735270
1735460
1735650
1735840
1736030
1736220
1736410
1736600
1736790
1736980
1737170
1737360
1737550
1737740
1737930
1738120
1738310
1738500
1738690
1738880
1739070
1739260
1739450
1739640
1739830
1740020
1740210
1740400
1740590
1740780
1740970
1741160
1741350
1741540
1741730
1741920
1742110
1742300
1742490
1742680
1742870
1743060
1743250
1743440
1743630
1743820
1744010
1744200
1744390
1744580
1744770
1744960
1745150
1745340
1745530
1745720
1745910
1746100
1746290
1746480
1746670
1746860
1747050
1747240
1747430
1747620
1747810
1748000
1748190
1748380
1748570
1748760
1748950
1749140
1749330
1749520
1749710
1749900
1750090
1750280
1750470
1750660
1750850
1751040
1751230
1751420
1751610
1751800
1751990
1752180
1752370
1752560
1752750
1752940
1753130
1753320
1753510
1753700
1753890
1754080
1754270
1754460
1754650
1754840
1755030
1755220
1755410
1755600
1755790
1755980
1756170
1756360
1756550
1756740
1756930
1757120
1757310
1757500
1757690
1757880
1758070
1758260
1758450
1758640
1758830
1759020
1759210
1759400
1759590
1759780
1759970
1760160
1760350
1760540
1760730
1760920
1761110
1761300
1761490
1761680
1761870
1762060
1762250
1762440
1762630
1762820
1763010
1763200
1763390
1763580
1763770
1763960
1764150
1764340
1764530
1764720
1764910
1765100
1765290
1765480
1765670
1765860
1766050
1766240
1766430
1766620
1766810
1767000
1767190
1767380
1767570
1767760
1767950
1768140
1768330
1768520
1768710
1768900
1769090
1769280
1769470
1769660
1769850
1770040
1770230
1770420
1770610
1770800
1770990
1771180
1771370
1771560
1771750
1771940
1772130
1772320
1772510
1772700
1772890
1773080
1773270
1773460
1773650
1773840
1774030
1774220
1774410
1774600
1774790
1774980
1775170
1775360
1775550
1775740
1775930
1776120
1776310
1776500
1776690
1776880
1777070
1777260
1777450
1777640
1777830
1778020
1778210
1778400
1778590
1778780
1778970
1779160
1779350
1779540
1779730
1779920
1780110
1780300
1780490
1780680
1780870
1781060
1781250
1781440
1781630
1781820
1782010
1782200
1782390
1782580
1782770
1782960
1783150
1783340
1783530
1783720
1783910
1784100
1784290
1784480
1784670
1784860
1785050
1785240
1785430
1785620
1785810
1786000
1786190
1786380
1786570
1786760
1786950
1787140
1787330
1787520
1787710
1787900
1788090
1788280
1788470
1788660
1788850
1789040
1789230
1789420
1789610
1789800
1789990
1790180
1790370
1790560
1790750
1790940
1791130
1791320
1791510
1791700
1791890
1792080
1792270
1792460
1792650
1792840
1793030
1793220
1793410
1793600
1793790
1793980
1794170
1794360
1794550
1794740
1794930
1795120
1795310
1795500
1795690
1795880
1796070
1796260
1796450
1796640
1796830
1797020
1797210
1797400
1797590
1797780
1797970
1798160
1798350
1798540
1798730
1798920
1799110
1799300
1799490
1799680
1799870
1800060
1800250
1800440
1800630
1800820
1801010
1801200
1801390
1801580
1801770
1801960
1802150
1802340
1802530
1802720
1802910
1803100
1803290
1803480
1803670
1803860
1804050
1804240
1804430
1804620
1804810
1805000
1805190
1805380
1805570
1805760
1805950
1806140
1806330
1806520
1806710
1806900
1807090
1807280
1807470
1807660
1807850
1808040
1808230
1808420
1808610
1808800
1808990
1809180
1809370
1809560
1809750
1809940
1810130
1810320
1810510
1810700
1810890
1811080
1811270
1811460
1811650
1811840
1812030
1812220
1812410
1812600
1812790
1812980
1813170
1813360
1813550
1813740
1813930
1814120
1814310
1814500
1814690
1814880
1815070
1815260
1815450
1815640
1815830
1816020
1816210
1816400
1816590
1816780
1816970
1817160
1817350
1817540
1817730
1817920
1818110
1818300
1818490
1818680
1818870
1819060
1819250
1819440
1819630
1819820
1820010
1820200
1820390
1820580
1820770
1820960
1821150
1821340
1821530
1821720
1821910
1822100
1822290
1822480
1822670
1822860
1823050
1823240
1823430
1823620
1823810
1824000
1824190
1824380
1824570
1824760
1824950
1825140
1825330
1825520
1825710
1825900
1826090
1826280
1826470
1826660
1826850
1827040
1827230
1827420
1827610
1827800
1827990
1828180
1828370
1828560
1828750
1828940
1829130
1829320
1829510
1829700
1829890
1830080
1830270
1830460
1830650
1830840
1831030
1831220
1831410
1831600
1831790
1831980
1832170
1832360
1832550
1832740
1832930
1833120
1833310
1833500
1833690
1833880
1834070
1834260
1834450
1834640
1834830
1835020
1835210
1835400
1835590
1835780
1835970
1836160
1836350
1836540
1836730
1836920
1837110
1837300
1837490
1837680
1837870
1838060
1838250
1838440
1838630
1838820
1839010
1839200
1839390
1839580
1839770
1839960
1840150
1840340
1840530
1840720
1840910
1841100
1841290
1841480
1841670
1841860
1842050
1842240
1842430
1842620
1842810
1843000
1843190
1843380
1843570
1843760
1843950
1844140
1844330
1844520
1844710
1844900
1845090
1845280
1845470
1845660
1845850
1846040
1846230
1846420
1846610
1846800
1846990
1847180
1847370
1847560
1847750
1847940
1848130
1848320
1848510
1848700
1848890
1849080
1849270
1849460
1849650
1849840
1850030
1850220
1850410
1850600
1850790
1850980
1851170
1851360
1851550
1851740
1851930
1852120
1852310
1852500
1852690
1852880
1853070
1853260
1853450
1853640
1853830
1854020
1854210
1854400
1854590
1854780
1854970
1855160
1855350
1855540
1855730
1855920
1856110
1856300
1856490
1856680
1856870
1857060
1857250
1857440
1857630
1857820
1858010
1858200
1858390
1858580
1858770
1858960
1859150
1859340
1859530
1859720
1859910
1860100
1860290
1860480
1860670
1860860
1861050
1861240
1861430
1861620
1861810
1862000
1862190
1862380
1862570
1862760
1862950
1863140
1863330
1863520
1863710
1863900
1864090
1864280
1864470
1864660
1864850
1865040
1865230
1865420
1865610
1865800
1865990
1866180
1866370
1866560
1866750
1866940
1867130
1867320
1867510
1867700
1867890
1868080
1868270
1868460
1868650
1868840
1869030
1869220
1869410
1869600
1869790
1869980
1870170
1870360
1870550
1870740
1870930
1871120
1871310
1871500
1871690
1871880
1872070
1872260
1872450
1872640
1872830
1873020
1873210
1873400
1873590
1873780
1873970
1874160
1874350
1874540
1874730
1874920
1875110
1875300
1875490
1875680
1875870
1876060
1876250
1876440
1876630
1876820
1877010
1877200
1877390
1877580
1877770
1877960
1878150
1878340
1878530
1878720
1878910
1879100
1879290
1879480
1879670
1879860
1880050
1880240
1880430
1880620
1880810
1881000
1881190
1881380
1881570
1881760
1881950
1882140
1882330
1882520
1882710
1882900
1883090
1883280
1883470
1883660
1883850
1884040
1884230
1884420
1884610
1884800
1884990
1885180
1885370
1885560
1885750
1885940
1886130
1886320
1886510
1886700
1886890
1887080
1887270
1887460
1887650
1887840
1888030
1888220
1888410
1888600
1888790
1888980
1889170
1889360
1889550
1889740
1889930
1890120
1890310
1890500
1890690
1890880
1891070
1891260
1891450
1891640
1891830
1892020
1892210
1892400
1892590
1892780
1892970
1893160
1893350
1893540
1893730
1893920
1894110
1894300
1894490
1894680
1894870
1895060
1895250
1895440
1895630
1895820
1896010
1896200
1896390
1896580
1896770
1896960
1897150
1897340
1897530
1897720
1897910
1898100
1898290
1898480
1898670
1898860
1899050
1899240
1899430
1899620
1899810